# CERT (Thm A, REALISATION.txt): c(7,4,5) <= C(7,4) * sum(y) = 3467292853891919529774577/7750000000000000000000000 = 0.447392626309
# type pattern on m=5 parts; exact basis re-solve (dual feasible True)
# density 25020721158380489627197/62500000000000000000000 = 0.400331539 ; cover ratio 1.117555
k 7
r 4
p 5
m 5
x 317221/1000000 15861/125000 151057/500000 15861/125000 126889/1000000
T 0 0 0 0 4
T 0 0 0 1 3
T 0 0 0 2 2
T 0 0 0 4 0
T 0 0 1 1 2
T 0 0 1 2 1
T 0 0 2 0 2
T 0 0 2 1 1
T 0 0 2 2 0
T 0 0 4 0 0
T 0 1 0 3 0
T 0 1 1 0 2
T 0 1 1 2 0
T 0 1 2 0 1
T 0 1 2 1 0
T 0 2 0 0 2
T 0 2 0 2 0
T 0 2 1 0 1
T 0 2 1 1 0
T 0 2 2 0 0
T 0 3 0 0 1
T 0 4 0 0 0
T 1 0 0 0 3
T 1 0 0 3 0
T 1 0 3 0 0
T 1 1 0 1 1
T 1 3 0 0 0
T 2 0 0 0 2
T 2 0 0 1 1
T 2 0 0 2 0
T 2 0 2 0 0
T 2 1 0 0 1
T 2 1 0 1 0
T 2 2 0 0 0
T 3 0 0 0 1
T 3 0 0 1 0
T 3 1 0 0 0
T 4 0 0 0 0
y 0 0 0 2 5 1078610273621666546737/23250000000000000000000000
y 0 0 3 1 3 634146283338552088189/5812500000000000000000000
y 0 0 3 2 2 12688399086938022457339/11625000000000000000000000
y 0 0 4 2 1 4985606709496799217911/23250000000000000000000000
y 0 0 7 0 0 25936571456195503743691/203437500000000000000000000
y 0 1 3 3 0 105685680940287102027/968750000000000000000000
y 0 1 4 0 2 4154790651957403759/19375000000000000000000
y 0 1 4 1 1 475585059344742071417/2906250000000000000000000
y 0 2 0 5 0 35952940450892554749/775000000000000000000000
y 0 2 3 0 2 3172106917965180115781/2906250000000000000000000
y 0 2 3 2 0 2114704065365489043531/1937500000000000000000000
y 0 2 4 1 0 2492891711894043482441/11625000000000000000000000
y 0 3 3 0 1 158519967276514580009/1453125000000000000000000
y 0 5 0 0 2 53930227831856347279/1162500000000000000000000
y 3 0 0 0 4 243043782865497241723/3000000000000000000000000
y 3 0 0 4 0 20251733272278830849/250000000000000000000000
y 3 0 4 0 0 2296178099290936044409/750000000000000000000000
y 3 1 0 1 2 4050899961492548769/12500000000000000000000
y 3 1 0 2 1 20251307649159101643/62500000000000000000000
y 3 2 0 1 1 20251307649159101643/62500000000000000000000
y 3 4 0 0 0 20251733272278830849/250000000000000000000000
y 4 0 0 0 3 202522014562011002913/500000000000000000000000
y 4 0 0 3 0 101262922572465677181/250000000000000000000000
y 4 1 0 1 1 303786852428452576959/125000000000000000000000
y 4 3 0 0 0 101262922572465677181/250000000000000000000000
y 6 0 0 0 1 33836851855424701/7500000000000000000000000
y 7 0 0 0 0 6480718511245416302933/35000000000000000000000000
c 3467292853891919529774577/7750000000000000000000000
